29 12 18 34 48 15 12 21 52 19 20 35 50 17 16 34 58 21 16 33 40 16 15 32 31 18 19 36 46 14 10 16 26 14 22 69 93 23 8 11 115 36 18 27 33 16 22 52 39 14 21 64 91 38 23 28 61 22 20 32 35 17 18 40 25 13 18 45 76 39 20 21 110 42 30 33 29 17 20 48 39 24 41 86 86 20 14 22 80 18 12 22 25 11 20 61 39 17 11 23 38 23 18 26 33 19 21 34 57 23 15 27 56 22 22 35 36 16 21 43 54 18 16 26 30 9 15 39 
28 23 16 22 15 4 5 10 121 41 10 7 3 1 6 54 63 16 14 44 44 11 14 40 7 11 23 64 57 13 7 7 44 17 12 20 24 10 10 12 138 39 6 10 10 3 4 52 59 13 22 112 97 11 6 18 9 14 38 82 49 10 6 11 39 9 5 12 17 14 21 22 135 70 26 25 10 3 6 31 26 25 36 107 87 15 9 8 18 9 17 37 29 14 18 25 27 10 7 9 9 7 15 22 62 35 21 16 12 8 11 29 18 16 25 38 29 19 14 16 10 6 16 24 18 11 13 16 
29 97 69 12 5 1 1 3 73 116 44 8 2 4 2 9 28 24 23 13 8 15 8 13 13 14 16 10 13 13 8 8 53 67 44 13 6 8 13 12 146 104 14 1 0 1 4 29 80 17 9 14 18 16 17 25 17 14 14 10 13 19 17 14 49 7 2 5 5 24 63 48 147 29 4 2 1 2 20 84 82 25 21 21 17 7 8 18 23 15 18 15 11 12 11 12 33 6 7 5 4 11 39 43 95 20 10 6 4 5 18 66 46 21 18 19 13 7 7 16 14 16 19 16 12 6 6 5 
22 9 11 31 61 15 9 15 90 26 11 14 21 10 10 35 28 10 6 30 83 28 9 13 70 25 6 9 18 7 4 22 31 9 7 32 95 25 7 10 126 25 5 9 30 14 7 39 39 7 3 27 120 53 7 15 91 32 7 9 25 9 4 25 29 6 3 24 102 31 7 11 127 35 4 12 33 9 4 29 41 13 5 40 124 37 5 10 80 25 7 10 27 12 7 30 21 7 4 20 74 24 9 11 103 27 6 9 22 10 9 36 29 11 7 30 87 31 13 16 53 14 7 15 24 11 10 27 
25 5 4 6 6 4 2 11 154 6 1 1 0 0 3 108 99 4 1 2 3 5 18 90 11 3 4 6 12 16 18 18 53 13 7 8 9 6 2 10 166 18 1 1 0 1 2 94 102 8 4 8 16 15 14 59 13 8 6 12 18 13 7 11 59 17 5 7 12 10 3 7 166 75 2 1 1 1 0 17 110 40 11 12 16 10 6 11 12 8 6 12 20 13 7 7 39 13 5 5 10 8 4 7 164 69 2 0 1 2 1 20 106 50 8 6 7 7 4 14 8 8 8 11 16 12 6 5 
12 17 35 41 18 11 12 14 12 19 37 39 16 19 25 18 19 23 30 20 9 19 38 25 21 23 15 9 10 22 30 21 27 26 45 59 28 19 8 9 116 39 25 20 9 20 55 87 26 15 14 22 42 81 85 46 22 23 19 12 16 29 36 28 31 9 8 22 29 52 45 30 120 77 46 18 10 20 29 50 29 40 80 74 45 33 15 14 25 20 39 27 15 20 21 31 19 11 8 7 18 33 39 31 19 16 17 15 21 36 46 35 18 17 30 23 16 30 39 27 22 19 27 18 9 15 27 29 
13 5 9 61 95 15 5 7 85 25 11 31 41 7 9 38 55 16 7 7 11 14 14 37 15 11 9 10 15 13 10 8 22 7 7 84 124 16 1 4 132 29 7 26 35 5 8 59 59 12 6 18 36 27 23 38 14 14 13 16 20 16 11 8 30 7 4 80 128 16 2 8 137 58 8 15 26 4 3 31 55 33 23 34 34 10 6 10 14 10 13 18 22 10 6 9 23 5 3 39 96 24 8 19 109 34 4 7 15 6 7 50 43 26 14 17 17 7 6 14 15 9 9 12 16 7 5 8 
7 6 6 20 61 53 14 7 46 31 10 19 63 38 11 14 109 44 5 4 8 8 11 43 29 14 4 10 28 20 17 17 8 5 4 13 71 66 22 9 51 20 5 19 101 90 16 10 134 48 3 5 15 13 10 42 43 13 5 13 43 30 15 16 9 9 6 8 38 54 24 11 19 3 2 4 66 118 62 28 125 21 3 3 12 33 44 85 39 18 10 12 37 27 12 15 9 15 10 10 18 25 16 9 11 11 10 9 24 49 38 18 38 16 12 6 15 29 31 38 24 17 11 12 20 15 13 14 
81 19 5 7 19 10 10 39 37 13 7 22 73 26 12 24 94 26 5 10 22 10 7 33 29 9 4 14 41 18 9 15 106 26 3 9 25 9 6 43 49 15 7 44 113 29 6 15 129 36 6 13 29 9 4 26 38 11 5 18 62 26 7 14 107 30 3 8 26 8 5 36 49 11 3 26 116 47 9 16 129 24 3 8 29 15 7 34 39 16 7 22 61 20 5 10 75 22 4 11 21 7 8 25 38 17 7 27 76 24 9 13 95 26 6 10 24 10 10 30 33 13 8 18 43 13 8 12 
6 4 6 11 16 7 5 5 55 17 6 8 13 7 6 16 157 32 1 0 1 0 1 41 127 18 0 0 2 1 1 28 7 5 6 11 19 10 6 7 66 28 14 19 27 9 4 10 162 49 3 1 1 0 0 31 144 20 1 1 3 1 1 30 7 5 5 11 20 11 7 6 67 9 4 10 26 19 15 29 163 28 0 0 1 1 4 53 143 28 1 1 3 1 1 21 7 5 5 8 17 10 5 4 58 17 6 7 12 8 6 17 161 39 1 0 1 1 1 32 125 25 1 1 3 1 1 20 
42 16 8 6 7 3 2 8 138 32 4 3 14 6 3 31 32 6 3 29 116 28 4 9 11 8 5 21 55 14 2 4 52 15 8 9 11 5 3 9 150 28 2 3 20 8 3 38 43 4 2 32 143 45 5 12 14 9 4 21 67 17 4 6 53 9 3 6 14 7 5 13 150 38 3 9 19 3 1 25 43 12 4 45 145 31 1 4 16 9 3 15 67 17 4 7 44 9 2 3 11 7 4 13 143 29 2 6 14 3 1 28 33 9 2 26 125 28 2 5 11 5 2 11 57 17 5 5 
6 4 4 4 6 3 3 4 115 17 3 3 5 3 2 13 193 30 0 0 1 0 0 27 48 9 2 6 11 6 3 10 7 4 3 4 7 4 4 5 136 25 4 6 9 4 2 9 193 40 0 0 1 1 0 24 62 9 2 6 16 9 4 11 6 3 3 4 8 5 4 4 135 9 2 5 9 6 4 24 193 27 0 0 1 0 0 38 63 12 4 7 15 8 3 9 5 2 2 3 6 4 3 4 106 14 2 3 6 3 3 14 193 43 1 0 0 0 0 20 54 14 4 5 9 5 2 7 
20 5 1 20 110 20 1 2 142 26 1 5 20 3 1 22 100 20 3 3 6 3 3 19 23 10 4 4 15 4 2 8 26 4 2 25 134 26 1 3 146 20 2 8 27 5 2 33 112 16 2 5 12 10 5 25 31 12 3 5 18 8 3 11 25 3 2 23 133 27 1 4 148 31 2 6 27 7 2 20 117 27 4 6 11 6 3 15 29 8 4 7 15 7 4 13 19 2 3 20 109 20 1 4 140 21 2 3 20 7 1 26 102 19 4 2 6 3 2 18 21 8 5 4 11 5 4 10 
30 33 24 14 12 3 2 6 117 58 19 8 3 1 3 35 90 31 9 8 8 9 9 32 12 13 12 11 12 16 12 8 46 26 18 17 16 6 3 7 141 52 8 4 3 1 3 56 100 39 23 27 19 8 8 30 18 31 23 16 14 8 6 9 39 25 10 5 9 9 6 8 132 128 31 4 2 1 2 12 55 114 73 29 13 4 2 5 26 56 39 16 8 5 8 10 15 16 4 3 7 8 6 7 54 75 17 5 6 5 6 10 59 99 39 9 4 3 4 7 26 63 44 14 6 4 5 6 
74 18 5 4 6 4 6 27 109 33 5 4 4 5 5 28 121 39 5 4 2 2 3 26 49 14 6 6 9 7 5 15 106 22 3 5 6 4 6 35 108 34 8 14 23 18 6 24 137 48 7 6 3 5 2 23 73 14 4 6 12 12 6 18 108 24 3 4 9 5 3 32 106 22 5 11 26 27 11 31 136 25 4 4 3 7 7 48 75 14 5 7 14 8 6 23 85 23 3 8 10 2 2 21 102 27 4 7 14 9 4 29 120 31 4 3 4 5 5 35 54 18 9 11 11 2 4 15 
21 15 15 16 11 13 10 21 45 14 12 17 9 18 29 57 25 10 9 8 8 29 62 70 14 5 7 8 11 26 51 44 39 17 17 23 19 18 12 19 125 25 7 9 4 12 33 95 41 8 7 10 22 49 77 80 10 6 10 17 25 36 46 32 46 17 9 21 22 17 10 16 124 93 21 6 6 7 9 26 45 73 56 33 25 20 14 11 12 26 34 36 28 20 20 9 27 16 11 15 15 16 10 14 56 80 35 12 10 12 8 10 20 86 76 25 7 4 1 2 12 44 56 38 14 3 2 2 
49 14 6 7 8 5 2 8 180 46 2 1 2 1 1 29 76 21 7 18 33 13 3 14 7 5 4 17 36 18 4 4 60 13 7 12 13 8 3 8 181 32 2 2 3 3 2 45 93 11 4 20 58 27 7 23 9 11 8 22 41 16 4 5 60 7 4 9 15 10 7 14 181 45 2 2 3 2 2 34 93 23 8 25 57 25 5 9 8 6 5 22 44 22 7 8 51 7 3 5 10 6 5 15 181 35 1 1 1 1 1 45 70 21 9 16 28 15 5 14 6 6 6 20 37 19 7 6 
24 24 45 30 8 8 17 19 22 23 41 38 30 25 19 14 8 7 24 38 45 35 18 9 13 10 22 23 16 15 9 9 29 43 80 60 24 7 6 9 120 61 42 21 17 25 26 41 22 5 8 24 94 88 36 16 18 12 15 20 32 31 19 13 46 16 22 30 24 23 42 45 130 34 10 13 16 8 20 76 33 10 9 48 106 54 12 8 19 7 7 18 38 35 23 13 36 8 6 8 8 20 46 52 60 13 12 16 20 12 27 61 13 7 11 33 60 27 14 11 10 4 7 16 26 20 21 16 
91 45 6 4 8 4 1 18 117 50 6 3 11 9 7 33 21 16 12 21 55 27 9 11 11 14 11 19 34 16 7 6 109 38 6 3 5 6 3 21 140 39 2 2 12 11 7 46 33 10 6 28 109 50 9 15 19 21 14 19 42 17 8 8 115 21 3 2 4 4 5 30 141 51 8 9 10 3 2 28 31 18 13 50 106 31 6 5 21 13 7 15 42 22 14 13 97 19 2 1 2 3 4 25 125 37 4 4 6 2 2 30 25 13 8 25 57 21 7 9 18 11 6 14 36 17 8 10 
14 23 28 18 6 8 15 14 12 31 45 23 7 14 26 16 26 30 23 13 11 28 29 20 17 10 10 16 21 35 26 19 13 22 60 56 19 5 4 11 27 60 108 80 11 2 3 6 122 90 54 17 4 7 12 30 27 14 19 34 30 39 25 24 6 9 39 66 32 7 2 4 79 23 37 63 28 6 4 22 132 65 29 22 5 2 2 38 26 24 49 67 35 16 4 7 5 6 11 36 30 12 7 7 55 18 13 17 13 7 12 36 82 55 33 23 9 2 6 28 14 23 39 45 22 8 9 6 
22 7 7 21 36 16 8 11 29 14 12 32 63 19 5 8 104 28 8 11 22 7 3 28 23 4 6 36 90 16 3 8 29 10 5 22 46 16 7 13 38 17 12 52 110 24 3 5 131 43 8 18 34 6 1 21 26 5 6 59 118 18 1 6 26 13 7 28 48 12 3 9 40 7 4 36 109 37 7 16 131 26 6 28 37 9 5 39 24 5 5 64 118 17 1 6 17 10 6 27 38 10 2 6 29 10 6 30 61 19 6 14 81 32 12 33 31 6 5 22 18 7 7 49 84 16 3 7 
13 8 10 15 12 8 6 10 97 30 9 7 11 6 5 20 134 35 2 1 6 4 6 48 34 10 4 8 19 10 11 23 13 4 4 9 12 20 32 26 103 21 3 4 12 24 37 34 145 47 1 2 5 4 7 43 43 13 6 16 26 12 11 16 15 4 3 2 6 24 81 60 35 4 2 1 5 40 112 99 132 18 4 4 5 9 42 112 35 16 12 17 23 11 12 15 19 7 9 3 4 13 53 52 24 14 14 6 6 17 53 60 46 23 14 10 7 12 26 43 22 14 14 14 16 11 12 10 
6 5 8 10 9 4 4 6 59 12 6 7 9 6 9 31 171 11 1 0 0 1 5 107 63 5 2 6 11 7 10 42 10 9 12 9 9 4 4 8 107 35 14 14 16 5 3 14 176 48 3 2 1 1 1 55 62 10 4 13 20 10 7 24 8 7 10 9 10 4 5 8 120 13 7 12 18 8 6 34 176 32 1 1 1 0 1 56 60 18 7 13 17 5 3 10 7 5 6 9 10 5 6 8 113 14 4 6 10 4 6 39 173 23 1 1 1 1 1 60 41 11 4 8 12 5 4 13 
16 7 6 15 27 12 7 19 32 19 10 16 28 19 15 27 44 19 8 11 41 52 27 34 5 11 11 9 76 78 15 5 28 9 11 22 28 15 12 22 45 31 28 49 63 17 6 12 128 45 12 10 31 39 20 47 15 5 2 8 112 115 18 11 20 12 15 18 29 17 13 14 47 12 11 26 61 39 21 24 134 56 10 8 23 15 11 45 25 18 11 26 119 84 7 5 14 8 9 12 29 12 6 7 35 16 10 11 35 17 9 18 83 58 15 10 18 10 5 22 24 25 17 27 74 30 6 4 
29 29 18 20 52 30 7 11 70 53 17 11 21 15 11 21 35 31 15 15 37 26 14 17 31 22 11 11 28 20 9 15 31 22 14 26 97 71 10 11 124 53 11 7 22 22 14 42 41 20 12 22 68 62 20 19 41 36 16 15 29 19 6 12 21 9 5 9 87 107 35 16 118 51 13 11 27 41 25 43 38 36 26 42 71 39 9 10 37 26 10 12 28 28 14 16 14 18 7 8 50 70 26 14 33 24 11 13 47 58 31 27 37 32 16 20 30 29 19 18 25 17 9 15 24 23 16 18 
6 7 5 6 8 7 5 5 68 25 6 6 7 5 5 20 150 27 2 1 1 4 6 71 48 8 5 7 14 21 13 34 7 9 6 8 12 9 6 6 103 32 9 11 14 7 5 14 161 38 2 1 2 5 5 61 56 8 5 9 25 35 15 26 8 11 11 7 12 11 7 5 100 21 9 6 12 12 12 22 162 84 7 2 2 2 3 36 55 36 23 18 26 26 9 11 5 11 14 7 11 9 3 3 44 37 17 7 7 6 4 9 134 134 22 4 0 0 1 8 44 71 46 18 9 7 3 4 
102 25 3 3 5 1 1 15 174 42 1 0 0 0 1 33 69 17 4 4 4 5 7 19 9 7 4 5 5 6 6 6 119 27 5 5 6 3 1 17 176 34 0 0 1 1 3 53 81 9 4 7 15 21 17 36 11 6 6 5 6 8 9 9 122 18 3 5 7 3 1 27 176 54 3 1 1 0 0 36 81 35 16 17 16 8 5 12 11 8 7 5 7 6 6 8 105 13 1 3 5 3 3 30 173 33 1 0 0 0 0 50 68 21 6 5 6 4 4 18 10 7 5 4 5 4 5 7 
46 12 5 11 11 3 3 9 149 29 1 1 1 0 1 33 91 23 3 2 14 10 5 23 13 12 6 5 14 10 6 10 57 18 7 15 17 10 6 10 154 32 2 2 1 1 1 42 103 16 13 10 19 13 6 26 17 13 18 13 14 8 7 15 43 7 5 12 15 26 35 47 152 42 5 1 1 2 14 84 78 32 30 13 13 8 13 29 19 11 17 12 12 7 18 31 15 2 2 2 4 28 89 91 68 6 3 1 2 5 61 129 36 9 10 7 5 6 34 56 12 4 8 14 8 5 25 28 
11 8 10 22 25 13 9 9 8 9 19 61 61 13 5 5 64 20 15 26 26 6 8 44 49 9 4 4 6 6 15 47 9 7 13 45 47 13 9 9 22 17 30 106 101 13 2 4 131 58 23 27 13 3 7 44 66 15 5 6 11 12 19 35 9 5 12 64 66 9 4 6 38 7 8 77 112 32 14 26 135 32 3 6 11 7 10 70 71 23 7 9 11 9 8 23 6 6 13 54 59 12 5 5 49 9 8 44 62 17 11 37 116 25 4 3 5 3 9 68 46 19 11 10 9 6 5 20 
8 7 12 18 17 7 4 6 61 20 8 11 8 5 5 23 132 24 2 2 5 5 11 69 36 5 3 32 72 25 12 21 11 9 11 18 21 7 7 8 91 31 11 19 15 5 6 15 146 45 4 8 13 3 3 39 35 8 6 76 117 17 3 8 15 10 9 16 17 9 11 12 90 12 5 13 15 11 18 40 145 47 12 27 16 2 3 42 20 11 12 105 116 8 2 3 15 5 5 9 15 9 14 19 68 15 4 7 11 6 14 35 100 45 16 29 19 4 4 23 8 8 14 64 69 9 5 5 
40 25 18 18 16 3 4 7 123 54 12 7 5 3 4 31 65 30 19 19 28 15 8 23 10 19 26 30 23 13 10 8 53 18 11 18 27 11 5 10 138 50 10 6 7 3 4 51 62 20 40 61 46 16 13 28 5 19 57 53 25 12 14 8 36 19 11 16 19 17 14 12 120 115 71 15 4 3 5 14 15 48 125 90 18 3 4 3 7 21 92 56 9 5 7 7 12 11 10 14 12 8 13 12 22 32 35 15 5 7 15 16 8 21 59 27 6 8 17 8 10 18 37 14 4 6 14 12 
24 65 40 15 7 1 1 4 47 92 42 11 4 2 3 6 72 72 12 2 1 5 6 11 27 15 5 5 5 7 6 6 18 53 51 18 8 1 3 2 52 117 84 18 2 0 2 4 139 124 29 2 1 2 3 17 48 22 6 7 8 12 9 11 11 12 18 12 11 5 7 6 111 29 22 14 6 3 6 34 148 44 5 1 1 1 1 58 55 20 9 8 11 10 3 10 7 6 7 6 8 9 5 9 100 19 5 3 6 3 5 40 141 43 3 1 2 1 1 48 37 26 11 8 10 4 1 6 
36 11 8 13 10 8 8 24 83 10 4 6 3 3 17 103 81 9 2 2 2 3 23 105 36 8 4 7 11 12 15 34 68 22 12 14 11 9 6 26 139 22 4 3 2 3 17 116 63 10 4 10 20 24 41 91 30 17 8 8 12 13 12 23 70 16 4 10 12 13 14 46 141 55 4 3 2 3 5 65 79 39 11 21 33 18 9 18 25 16 7 9 15 15 11 15 61 8 1 3 10 10 14 68 117 19 3 4 5 4 9 89 57 27 10 13 16 9 6 25 20 16 9 11 13 12 7 10 
13 7 8 11 8 9 13 11 33 10 7 8 8 8 18 34 40 4 1 2 5 13 61 109 12 3 0 1 2 19 92 95 17 8 9 11 13 10 10 14 87 25 12 15 17 7 6 29 143 29 4 2 1 6 29 114 36 7 6 14 14 29 61 70 15 9 10 12 15 10 9 13 96 23 8 14 18 14 10 27 146 65 7 2 2 2 3 41 58 28 19 21 24 15 10 17 13 5 6 11 17 10 6 12 68 20 5 9 13 7 7 26 130 72 9 3 2 1 1 21 52 47 21 12 10 10 3 7 
3 3 12 26 11 6 3 2 2 4 28 74 20 4 2 2 11 9 26 79 27 13 18 13 61 30 20 30 12 16 28 32 4 6 34 76 24 6 3 3 27 15 42 111 48 28 15 8 119 37 21 24 11 38 61 79 52 18 5 7 23 87 91 49 47 16 26 64 25 19 19 31 66 13 6 27 30 75 104 71 116 43 12 6 11 46 76 72 29 26 22 24 27 32 19 17 42 11 6 16 20 46 55 38 73 41 15 12 13 25 34 40 22 13 10 12 21 27 27 30 12 7 7 5 7 8 11 16 
42 21 11 8 10 4 1 5 169 62 7 3 1 0 0 23 103 33 6 4 4 4 4 21 13 10 4 6 6 6 4 9 55 11 6 9 18 10 4 8 174 28 2 1 1 1 2 68 118 15 3 6 10 8 11 52 18 10 5 5 6 6 7 15 51 11 4 6 17 14 5 10 174 81 1 1 1 2 1 22 123 53 8 9 9 5 5 15 19 11 4 5 6 6 7 11 28 8 2 4 12 9 7 10 171 66 1 0 1 1 2 23 131 52 4 2 3 3 2 17 15 11 5 5 6 6 4 7 
12 6 3 5 7 5 5 6 93 15 2 5 7 4 3 16 154 20 1 2 16 5 1 28 24 2 1 15 117 21 1 5 18 6 3 5 8 6 7 7 106 20 5 10 12 6 4 13 158 29 1 2 18 5 1 22 31 2 1 15 139 32 2 6 17 8 5 5 8 6 5 6 104 12 3 7 13 9 7 21 159 22 1 4 15 4 1 30 35 5 1 17 138 31 2 4 13 6 3 5 7 4 4 7 88 15 3 6 8 4 3 18 155 33 1 3 10 1 1 21 30 8 2 16 109 21 2 3 
21 19 10 10 18 11 9 12 44 19 7 4 9 15 28 37 19 14 8 6 20 36 30 18 21 22 5 4 11 17 10 11 43 20 13 17 29 16 9 15 130 21 4 3 7 23 43 88 24 6 2 3 55 121 65 32 23 23 7 4 21 49 22 14 39 12 6 9 32 34 21 22 136 57 4 2 8 11 11 42 67 24 5 8 74 110 25 16 11 10 3 4 46 83 31 12 23 10 6 8 24 28 19 24 117 55 5 1 7 10 12 38 79 45 11 9 40 43 11 16 7 8 8 11 55 67 14 5 
9 9 5 8 9 10 13 14 22 15 9 5 4 9 32 41 15 15 8 2 1 13 69 47 13 5 6 4 2 15 59 39 30 14 10 13 18 13 12 15 120 14 2 2 2 5 55 117 28 5 1 2 3 36 130 90 10 3 3 4 5 30 110 58 50 14 4 9 23 11 7 15 141 45 2 2 5 3 6 48 97 24 6 8 9 23 47 35 18 10 10 15 13 21 51 22 39 8 1 4 19 12 15 24 134 30 1 1 5 3 8 47 92 26 12 11 8 6 14 28 13 11 14 20 17 10 14 10 
46 15 7 15 15 7 5 15 92 25 8 6 9 11 12 35 56 20 9 23 35 20 14 21 93 28 6 11 13 11 9 34 58 15 7 16 17 10 8 19 128 24 4 6 11 11 13 49 62 19 8 32 79 42 19 24 122 37 5 9 18 7 3 41 51 11 6 12 15 13 15 24 127 46 12 14 11 5 5 28 66 24 17 53 83 24 5 15 126 29 4 11 18 6 3 43 40 9 2 8 13 12 15 23 86 24 7 14 18 7 6 29 59 17 11 27 42 13 6 20 107 26 5 9 11 4 4 31 
44 54 38 15 3 3 13 7 50 77 44 18 12 11 18 7 14 34 24 29 48 31 24 9 6 7 15 33 69 35 12 6 32 66 43 20 15 5 9 4 48 98 89 21 4 2 6 4 93 79 36 15 28 28 15 18 11 8 7 34 92 63 13 4 33 34 28 18 11 5 6 7 88 35 28 12 3 5 8 26 120 34 17 18 21 5 3 39 15 4 9 52 95 36 8 6 26 14 7 5 6 10 15 18 74 19 10 2 1 1 13 37 79 23 26 27 20 1 3 32 9 8 20 43 62 9 1 3 
12 14 21 19 10 13 24 20 21 20 28 18 4 17 38 31 58 24 14 9 5 11 43 67 27 9 9 11 15 19 43 51 13 22 52 30 9 14 18 17 39 50 79 47 9 11 21 22 125 75 25 9 10 7 19 60 46 16 14 25 43 27 29 40 15 9 25 24 12 22 46 27 39 11 21 21 12 26 78 88 122 37 21 12 8 8 26 93 38 29 38 43 35 20 9 10 21 9 28 16 7 11 25 36 35 19 33 20 6 7 26 66 43 29 35 33 12 8 13 47 17 24 39 33 19 14 9 11 
13 13 9 8 22 32 23 14 39 25 14 11 22 24 22 24 90 26 7 4 6 10 20 61 57 11 4 8 6 10 28 50 23 21 9 6 18 39 37 25 45 25 12 20 61 62 27 14 131 43 6 5 7 9 13 59 67 17 7 13 14 22 21 40 37 38 17 8 16 20 14 21 32 22 15 13 59 75 32 20 130 76 17 4 9 16 17 43 54 59 36 16 18 18 6 12 22 32 20 10 17 13 6 8 14 37 35 20 34 23 8 8 37 89 41 11 17 14 7 8 29 86 54 12 6 4 2 4 
27 26 33 25 18 13 10 17 30 36 46 34 19 15 14 22 25 43 39 22 16 20 17 15 18 23 16 10 13 18 17 15 30 24 23 29 32 31 23 20 32 50 82 96 70 27 8 10 120 94 61 30 12 11 13 33 42 18 14 17 23 33 28 25 17 14 12 15 33 46 33 19 22 8 11 28 74 108 73 32 123 47 20 11 10 28 48 78 49 38 38 28 22 19 12 14 19 15 10 9 17 24 24 21 15 12 13 11 27 58 44 21 31 20 14 11 16 38 37 31 31 28 20 13 14 17 17 16 
8 5 2 14 58 22 5 4 35 9 3 20 101 30 3 7 139 25 1 3 11 3 2 32 62 13 2 2 8 5 4 20 11 7 2 13 67 26 6 5 43 13 3 33 132 35 2 4 148 36 2 6 16 4 2 31 76 13 2 4 12 10 5 20 12 7 4 15 65 23 5 5 41 4 2 23 135 48 4 11 148 33 1 2 17 9 3 34 77 21 5 5 14 7 2 13 9 4 4 14 55 22 5 4 26 5 2 24 105 32 4 7 140 36 1 3 14 6 2 26 68 22 3 4 10 4 2 14 
40 19 8 11 12 8 9 26 54 14 7 6 11 19 36 62 17 8 6 9 31 53 43 31 11 11 8 11 24 30 16 12 70 23 14 14 14 13 10 24 128 28 5 5 9 25 45 105 21 6 5 27 100 105 59 38 13 9 8 20 49 41 16 12 69 22 9 9 15 17 18 28 129 100 41 25 10 5 7 33 21 35 53 103 102 29 5 7 13 10 12 35 48 26 11 15 39 19 10 6 9 9 14 29 55 49 27 19 11 9 10 24 16 25 36 48 33 13 7 10 14 12 13 24 24 14 8 13 
24 14 7 25 51 14 4 6 97 33 7 10 19 9 7 31 25 6 5 21 83 38 11 13 5 5 6 20 64 24 6 4 34 13 9 37 74 18 2 5 134 32 6 9 19 14 12 58 37 4 2 30 119 68 18 22 6 4 5 35 86 29 4 3 35 8 5 27 63 25 7 14 135 69 16 16 16 6 4 28 31 26 24 79 118 24 2 3 6 3 6 44 85 25 4 4 24 13 8 18 38 17 6 10 84 51 16 13 14 6 4 22 21 23 20 49 70 15 3 4 9 5 6 29 60 20 5 5 
16 9 11 20 26 16 14 14 26 17 24 33 28 16 13 19 36 19 22 30 26 13 23 40 24 8 9 14 28 32 32 32 32 16 12 24 29 22 18 21 35 22 31 79 79 30 11 13 120 48 23 25 18 13 28 72 31 9 14 44 70 52 40 36 28 25 25 31 32 20 12 16 39 15 18 51 84 56 32 26 120 67 41 31 17 14 20 50 23 26 55 94 63 14 6 7 16 19 22 33 28 17 10 8 29 26 32 35 29 21 17 19 23 37 49 42 25 15 16 15 18 21 42 47 18 6 12 12 
20 12 12 19 16 8 13 26 35 29 26 31 21 12 11 27 99 65 19 10 6 2 3 19 52 27 6 5 14 7 4 16 30 26 27 37 16 5 7 23 35 34 48 100 55 9 4 12 139 82 24 18 6 1 2 25 81 27 4 4 15 8 8 21 20 23 36 48 23 4 5 15 57 17 25 75 58 18 11 29 140 48 5 5 5 4 5 59 75 37 12 9 11 8 7 15 13 11 18 36 23 8 8 10 52 23 18 26 21 11 10 27 121 68 12 4 3 2 3 30 56 50 13 8 7 4 2 10 
46 8 2 5 7 2 1 6 194 23 0 0 0 0 0 26 122 12 2 3 4 2 1 15 6 4 3 4 6 4 3 4 60 8 2 7 10 3 2 7 194 21 0 0 1 0 0 32 143 10 2 4 6 4 4 22 10 5 4 5 6 4 3 6 59 6 2 6 10 4 2 9 194 33 0 0 0 0 0 22 143 22 3 4 6 4 2 10 10 5 4 4 6 4 3 7 47 5 1 3 7 4 3 10 194 24 0 0 0 0 0 28 119 15 3 2 4 3 2 13 8 4 4 4 5 3 3 4 
